000004.doc|1473|2598|1013|
000114.doc|0|0|0|
000251.doc|1986|2091|653|
000268.doc|85|188|34|
000698.doc|75|181|14|
000968.doc|1952|2520|871|
001466.doc|348|421|133|
001645.doc|17444|20699|15126|
001647.doc|4569|6366|1195|
002375.doc|78|159|32|
002394.doc|49|132|10|
002403.doc|1390|5148|256|
002687.doc|11613|18015|2241|
003646.doc|1346|1532|425|
004420.doc|4671|5863|1775|
004862.doc|1187|3267|84|
004863.doc|1123|1635|281|
002661.doc|46|124|15|
003317.doc|0|0|0|
003345.doc|1438|3048|1013|
000047.xls|44842|64107|54|
000048.xls|45704|66733|57|
000050.xls|55760|210546|59|
000397.xls|52011|62007|114|
000777.xls|963|2173|50|
001093.xls|15639|31542|30|
001110.xls|1507|2156|101|
001978.xls|583|1413|28|
002879.xls|51667|62911|115|
004705.xls|53617|93621|57|
000314.ppt|2117|5727|1157|
000558.ppt|9221|93601|101|
000712.ppt|205|456|86|
000985.ppt|2399|16950|183|
000986.ppt|1465|4330|881|
001891.ppt|5969|44881|242|
001911.ppt|914|2691|320|
004113.ppt|38960|41139|34083|
004610.ppt|2645|5231|976|
004968.ppt|86952|168782|12535|
000197.html|139|426|89|
000189.html|100|106|81|
000199.html|586|922|155|
000214.html|522|561|155|
000816.html|0|0|0|
001329.html|119|293|79|
002107.html|500|500|500|
002120.html|461|461|461|
002123.html|500|500|500|
002245.html|65|186|44|
002933.html|485|485|485|
002950.html|142|544|52|
003041.html|79|136|47|
003485.html|153|302|16|
003497.html|182|495|113|
003751.html|409|552|242|
003892.html|115|955|17|
004338.html|844|927|292|
004515.html|48|76|11|
004915.html|32|67|24|
000020.pdf|25|60|14|
000159.pdf|8020|66286|154|
000158.pdf|1721|3047|799|
000168.pdf|1906|9493|707|
000592.pdf|15929|76477|6403|
000738.pdf|152|305|25|
001278.pdf|7077|43419|419|
001301.pdf|7668|17368|6402|
001672.pdf|3206|4456|2997|
001675.pdf|3409|6447|2997|
002852.pdf|6709|8714|6403|
003047.pdf|75|145|34|
003049.pdf|184|290|167|
003189.pdf|6981|12031|6402|
003299.pdf|526|590|515|
003668.pdf|1634|6058|734|
003693.pdf|182|277|119|
004336.pdf|1181|4617|219|
004448.pdf|182|1072|46|
004682.pdf|10883|48369|6402|
000863.text|146|898|39|
000835.text|227|408|21|
001818.text|11527|12009|4062|
002816.text|0|0|0|
002817.text|0|0|0|
003112.text|0|0|0|
003547.text|0|0|0|
003548.text|0|0|0|
004222.text|0|0|0|
004229.text|0|0|0|
000543.gif|0|0|0|
000545.gif|0|0|0|
000534.gif|0|0|0|
004270.gif|0|0|0|
004542.gif|0|0|0|
001239.jpg|207|555|29|
002635.jpg|0|0|0|
000906.jpg|73|294|50|
004292.jpg|321|874|64|
000505.jpg|360|2524|56|
